referrer,views_total,views_unique
github.com,17,8
gitee.com,8,4
